5948547
35872672
89981312
52984852
37047172
9234469
59616222
6584953
2884706
4445443
4898260
103726672
4576146
66378772
11549440
4584030
5698827
5048824
9025024
21497531
5750429
23619811
13194286
1071981
8074077
42600182
12889700
11339151
53434822
71631102
88816902
36353712
6348970
79533992
2781869
3918990
9931437
36691842
13149935
4069505
75355562
2608440
39427422
1771735
51524012
7092500
9156239
84084432
102556572
96410442
36572252
32399372
10077139
111576622
13442249
39760952
6218632
11262409
82125592
52122162
11163
719099
2607982
11900080
3810131
10024727
95249112
10759398
11174920
9264635
96599862
39182092
77726682
5533863
13869850
94785442
10472905
102859442
38896912
13171345
11600301
85178642
9567325
3466187
3565443
957998
12557832
65281032
6258141
10437540
34395912
11248361
13681207
3386222
11502774
83548732
2650644
9254651
4583137
83080482
9176316
1850986
39684182
3719477
85934672
34857402
92790192
7471356
86406582
5481599
49943422
5556222
39380062
47430692
2936352
14470114
86359302
6253909
20516401
54212942
2279041
57903822
94751092
48802312
3415066
8470999
15687471
83801992
90896682
54148922
57258192
25786582
36472362
3350928
7756859
2173812
13514598
9712106
74510322
9655342
7485611
5350945
7879375
81684672
81709322
35711102
81682522
81692752
81682272
81693802
8055655
81692092
21852021
28608572
6907236
81694352
10881746
14325432
13062750
19637701
805238
56893242
7616575
89967962
8988883
73439432
4828172
23419601
4687795
3345133
3108249
5091165
70606292
89881762
31172512
12852285
7507697
380219
11026769
5015841
2298742
35077712
13042321
6874829
29046852
3414979
76742212
13351280
8331238
13900578
55846562
31075412
50029352
3896852
57805442
9377831
68531772
94926092
47433132
9709709
67352212
65262582
6899421
9465180
109310622
90673472
13978939
12591304
3645934
104467362
95060472
5574088
96048392
104290982
98524592
29383072
9041770
32384462
25063022
12029265
63553632
11630786
3487569
24859472
11663039
3254610
12124974
3222984
36755832
9197744
2604239
60030292
3852031
7459963
91697332
76566422
59697442
6520725
9420414
9927321
15481291
13367467
69955432
10901363
108033702
546487
1811065
8311402
93436472
10637910
8887252
9278558
486530
34490972
51743912
927233
40912542
78709442
3344209
48471972
6124409
3243388
9065678
3869126
11440169
58564162
10045286
39254802
640298
78219232
4409435
36658782
44989042
100198232
10063450
3392864
5731440
8855234
33712402
20664811
12541887
48394962
5459112
90978062
12572850
8488308
8479708
13528349
12907654
82731492
95511502
97014782
8697468
8545736
4225208
99503012
55851142
112177462
59671642
51430072
8214408
38357342
84449282
12273434
2886720
2845218
3018451
3871942
59396862
3352815
106231482
8299534
8495843
89856432
15950461
88832232
10413900
14024589
9891098
8053520
51591462
7567888
34087752
18035501
10264593
59170612
22087861
10776782
13837087
90922232
8749138
12541987
48935732
4352771
74526412
70307502
32644342
4117828
56516072
88992742
15410151
8038852
91079912
24505072
17963502
11758508
9520425
11868653
9721387
77583952
46368282
6992271
68707682
14280040
13721418
2167102
91279652
12423092
79547192
104183802
86525222
60644052
13045761
3898700
1999157
10540367
105190932
45742932
10050685
81658502
10259000
10713525
3316361
89056512
12693243
13153650
104782142
92246092
71404002
3264990
66764172
98031092
7230346
17892881
7664766
2676380
90923532
4059125
7461823
9455291
2770679
22358741
12806882
5694808
5634084
2806371
10288886
48428352
86936682
93983122
