51605562
48575812
1509459
11103435
13466846
3293033
9407467
12345451
8314278
16065271
8978236
28639782
11781658
5841805
10223349
66840662
6218644
3259775
1865292
4656078
13738023
8653898
4049427
13847474
44789882
3087741
2921218
106437342
79259512
6043050
29653102
6966444
38534272
2731985
14132522
10909330
4629796
35266452
4739467
9323006
3290681
56779322
3276423
9654720
36408522
46772922
39515012
15654731
71902012
9246377
12006714
106621422
11233163
9873514
7633188
9930627
10947540
66796622
5924925
80364052
6883200
14366331
11037390
9292917
39348472
94707
9731549
8636997
5175397
108754342
22814251
13817444
31639122
9828115
84450142
24044262
9075261
29482162
9331784
12279553
37297722
11604135
543598
48189542
11414507
41493372
64468212
8919847
65879442
11779565
39132032
4631644
30708672
9930453
9001129
11856513
45523002
23954282
89631682
10200203
53424782
63148962
9639917
2503344
12403952
1162058
180940
50293402
36912492
4969401
4269150
8407975
3900196
19382891
12080451
9318399
8368217
43619472
60240552
42222892
11480259
33623402
52071952
39146082
59671642
79552062
43341442
19879581
18086201
12283884
13069971
5689471
14613001
5657164
65386392
5189030
9640807
8901058
8343284
53009332
12331247
12114709
49065282
21293801
24145252
35198992
3779219
9036272
52359302
7028235
51702912
46430592
8675712
3816398
5813002
14274812
50602482
8805955
3065515
35643022
14619060
14032339
40620162
7402145
14377353
2853561
19974771
52192512
51039772
71031002
5807837
10528169
8843571
765800
44025042
50530482
61826792
51703882
7845718
13266640
11202930
10526141
68006452
11938244
5481556
3284268
28701582
9267729
14599619
12607164
57823052
22704401
13813550
51391662
12722486
11376415
23725641
24109902
12618084
12710672
13903871
516995
54087432
19558171
8330825
13966515
101282662
85616342
57673122
40642002
16687001
29567392
14519620
85518042
4318372
93916022
11890199
7838015
7533986
14215253
30227612
68788422
11337888
41554942
101956942
68848782
12398357
42239972
9837081
4860575
6323768
92714092
13633709
7119877
41377912
22108281
11609094
80665062
11366637
6729027
10719394
5321385
8568189
3525061
34614912
10468427
42857922
13193356
9673125
51703572
62372872
11755446
42545912
50338482
2176350
60188982
8638621
32502192
80456082
2942556
27941172
31385752
60326142
48755542
77761742
14267088
41452532
42317412
14198484
13540276
4532391
3019307
6649148
14576763
4665955
12963225
12575650
71435372
12469021
10802666
11314237
3650238
10766889
69290562
12888952
9358270
27320772
29229022
37139072
13625405
1710188
13262783
84277582
23590941
6957541
3941890
55653412
67211132
49238472
7251943
8098085
61109192
29716392
11266106
12055741
13813928
82155442
106078562
13530347
13282990
50525222
11488723
50379392
5192483
4352605
13136590
8753161
14050774
16734
85291272
51177912
44986942
3791499
8006893
9519666
74860312
4349350
68644592
25011122
22135441
598672
31407032
98986882
16891761
36873612
10121448
14457591
10894735
14163142
22841211
12089667
3492557
10290879
53589612
24361732
11581351
89430192
78425132
8510556
9440717
8661764
26954812
96884152
9169431
13596109
11434669
11770602
9133874
11237210
2132898
55490022
113953702
11426843
9299466
13364591
4148359
9976651
15636821
24426902
97439922
12866045
4447906
87314182
12673557
9666335
40545512
99694952
14521386
714735
16535121
44268472
52605982
14426990
11411812
8173489
11038517
10023994
4005016
11594558
11094167
5220940
7729031
9970090
2599774
14075114
12896620
4552925
107433082
11626048
33133122
